1,2,3,4,target
-1.9883508687467673,-2.083099499466389,-1.0343200549313296,0.03823263062171842,-21.70695784966061
-0.2012065607848755,-0.39317156337575865,1.0439871441930662,1.216306900214963,40.18377206962744
-1.4953066157785402,-0.7310264949505836,-0.3955694845180128,-0.7445159596137844,-20.669214218250534
1.2993338148976943,-1.6482483977928781,-0.2464943475917074,0.9336812676028109,-33.43721673001696
0.813731075241224,0.3682409780724177,-1.4392835190346196,-0.1569947094040904,-31.036688063379273
-1.199163222881743,0.2435009678843929,-0.2486572226851146,0.041600553150809745,-5.660090326844226
-1.8436074540270289,-0.11424119436213132,0.7024800720014185,-0.27336117917836017,25.969291018570807
0.6062875943288178,-1.1094178193496107,-0.8768401817687788,-1.5980802327973807,-24.652236910825778
1.0122441154599726,0.8251458958595304,0.4799605856320012,1.2863070885331427,15.638568808778139
-0.8912261166391783,0.03343205648687162,2.7017659419805873,0.5616624973551084,75.02336292265745
-0.17236985742954852,-0.3317346686056034,-0.9504911114603917,0.5230418655251032,-37.665982742736794
-0.03562787775973593,-0.8221471634144351,-0.30936186486342265,0.7252618043166582,-9.802758333659922
-0.11087282261864842,-0.9362056481916611,-0.170627316330789,-0.2990117926914212,1.1217945714242372
1.824846945369654,0.9950694708783197,-0.7234854843985141,-1.0734699713804392,-17.11197495742138
0.34456506900930667,-1.4817318042739702,0.0021108890699418847,0.5653007698999933,-15.499061850649413
-0.42511507276195065,1.2395612830793388,0.058030253354051785,-0.48102590656150934,-11.321893341216532
-0.6074260738275024,0.7130488291557953,-1.4445297900327523,-1.2180297563835465,-42.896040077943624
-0.6925315100367678,-1.394601471912489,-0.4842056063057175,-0.15348875817816762,2.08349606418048
-0.4853948159113951,0.6582724545607209,-0.8340485469937388,-0.4938447932698771,-27.331200519668254
0.4692752157190045,0.3128951097467378,1.8776300869046516,1.6239653161756675,27.90582273782792
-1.3033610419259953,1.0799268630552294,-1.5130592005181525,0.4828259692465942,-57.52480574798038
-0.07082868008171486,-0.19878295669540305,-2.3462716516576307,-2.640096224632764,-73.27986507164583
0.90601110411293,-0.07169331406669409,0.5910638855191956,-0.758053699664293,10.851609850787336
1.2888872001856493,1.249823822641114,0.6781283006203216,-1.2076756436114098,49.315146048340495
0.13919899833964938,-0.12650543616705737,-0.38661794671814875,0.6426850968759169,-18.772459987361408
-1.7538509497546502,-1.2310217566030301,-0.7784550668280593,0.3626266478718601,-23.308687268949885
1.545993089196981,0.2446884896411207,0.14512242060779526,1.2124801704151067,12.415306091730722
-0.3029696741169995,-0.9974480632519878,-1.717528149543143,-0.12100160615621558,-45.921619997390756
-0.23982836981409575,-0.15287299284959002,0.5630168938052666,1.0542721579672953,22.746756813275184
-1.0145844210148187,0.4541913483610383,0.41319522918313767,-0.7298460995694378,7.573741264271038
-0.1449438658223681,-0.06757289245770857,0.256451582825579,-2.282011463189548,7.412094364825287
1.3823408196772877,-0.07072846748590367,0.6816916853231244,0.22996225779846408,27.009646753115756
-0.06495941435164364,1.0304503925086372,-1.5015634790564776,-0.3572985899307287,-42.13479966464302
0.4834418425559635,-0.8390655993851728,-0.7497862856719114,-0.9655426904689823,-41.08640609652373
-0.32759806551845483,-1.5430311614347947,-0.6711271930146157,0.32757119489947695,-11.24036043564709
-0.7945780772424827,-0.7661911688436344,1.0428073016429535,-0.9751333829292648,22.07635854306887
0.6094860631967033,1.039928269841022,0.596751239498132,-0.004796404527209744,-2.424710446678617
0.30779379377013044,0.0014717724379129074,-0.05662604339737472,-1.9192804735396933,-7.2927761356863705
-0.3892142775285135,0.7657660536648591,1.4100866594690222,-1.4776671447772807,31.85953325339908
0.16763843832407435,-0.6247599148396731,-1.1599427366963015,1.1399487296283082,-20.85466266197399
1.1294402647608444,1.279942891850103,0.28625680187031527,-2.1479953892009735,14.858148292405819
1.0841638100220432,-1.1617791317383765,0.38963749396385106,-0.022531258382503108,4.435531170462132
-1.7426713452765656,0.7718557282383597,-0.4528082143862013,1.2489974517271936,-23.43095938560033
0.10250926393969985,0.7511405890129135,-0.7332183647005548,-1.8388104854999379,-22.980941692253595
-0.7532514941194768,1.0039746353184695,1.071643084862934,0.6064623604694651,34.06021130572321
-1.5337066094603968,2.0119060963881843,0.2644757135067843,0.773430342053721,8.509349111670371
-0.004882434344923485,-0.5142205462520313,-0.12844891076610124,1.3731205343008916,-3.2695972642117805
-0.44139731212427963,1.472453860481395,-3.717220719479691,-0.5818718865423604,-101.42547013850044
-0.2680129623549111,0.01722860796662358,-0.31563672574562385,0.08470034250467161,-6.837470383818091
-0.1376572032883946,0.9090124902454012,-0.27419012099713896,0.4249207587965454,-20.46992296583416
-1.1809499463706912,0.0016218573075256638,0.3252745744882455,-0.5834151947423912,9.706027991953288
-0.5232385618881225,-1.0080470245053048,-0.26974984095919063,-0.3581927032557911,-24.506139031975486
-0.47953644229055165,1.560360563347825,-1.3848169099825942,1.1900566833111776,-39.02442611915744
-0.5075998400687499,-0.7734548013957878,-0.6342523594623569,-2.816300861719271,-17.718278735531428
-0.29174034329894216,-1.3218108038310872,1.8250909361673393,0.3824987257877688,56.31336900582838
-1.815937410042701,1.8034169594510492,-0.4524865612463686,0.5948639534491507,-24.434441622032217
-0.3121086128432579,0.3584890006047299,0.9971801459721136,-0.5587454219612327,20.10147228461026
0.8286547535480493,-1.4066869502844972,-0.3177256785410022,0.8741657659890502,-11.030796196757432
0.7130101159117206,1.0368220793413172,-0.6556930361191595,0.4775958237007707,-36.65271276661134
1.0385335009815793,-0.18194405695826596,-0.24479730372125777,-1.9044566665724159,-10.916834000863846
1.3614264666412166,-0.5685375835417811,-0.21960031878761824,0.2780361802796322,7.520525931057622
0.9836193978674435,0.14099174032767067,-0.6779659108258083,-1.0309043473494495,-15.922311294098924
0.17699786789061261,-0.4228703293628092,0.7488124343110504,-0.20451307573630528,28.96914026932717
-1.2146213988085857,-0.6431204066336198,-2.0085246248865554,-0.5758917243901522,-57.496013832719875
-1.3607351407972197,-0.6574171220803466,-2.0085129345718644,0.06453343212566102,-71.29110249130483
-0.601127524396668,1.0358952597221829,-0.9563001045289078,-0.07963734002529797,-35.158324639371706
1.115250181561218,0.49339709285608274,0.7096805182136634,-1.0208563850556027,29.37373622367206
-0.008323317896053622,-0.4366697435336842,0.5279564198747204,-0.48614762559050084,12.72977101251733
-0.8336012615903405,1.1962357700439774,0.8944321359270301,0.2367580407142791,9.975416813772588
-1.3767056586049191,1.3550126392711395,0.2670508457292617,-1.9157319914363207,-6.861049296973635
0.34475144840623334,0.16904350345349747,2.1373903511138943,-0.6388999476260653,72.09921949318485
-1.080162969948788,-1.0538917929042124,0.7974329160556616,0.3002851506003608,27.49620378657986
0.3716565255527167,1.0214428357980505,1.9945103492223843,0.0929273848646552,57.27701626427195
0.46508027748594466,3.1242152721202148,2.178261684548062,0.18136592091298137,55.26081640448683
0.2840432022747518,-1.123230480298368,-0.2581444900194311,0.32636443027668716,-11.561478115230607
0.6393006218065402,-0.27014822796102156,0.041313793137159514,0.8941842315161986,6.724888670694027
-0.2020978922061189,0.9644539195944855,0.37989650607421166,-1.7046343006622429,5.040524863151466
-1.9782731668134255,1.0131480504201167,2.2030983420582233,-0.09314752360459792,65.91214237410881
0.26261684614827796,-0.5247613061171585,1.9995818372525211,0.005479955563742727,83.24265467529679
-0.11816705443278647,-1.2650691174920363,0.4427909434803201,-1.0549355748967109,23.97876276890716
0.2020813754435673,-1.0119265402002684,-0.03980963638396418,-0.7099438818341468,3.4166374616408115
0.062092455793491756,1.1302495304734046,-0.7497499870212776,-1.0173056625265968,-27.249311412932464
0.4524661774314779,0.296435167215023,1.6655497863851008,0.4040082265248396,51.82098018623445
-0.21953546606669644,0.8458421375273344,0.8675953882842775,-0.14951238583372992,43.85967477043455
0.775979389883008,1.0566854830916064,0.8315574885403542,-0.7443621094107034,3.0769269281714955
0.1425202510670795,0.9087561594832494,0.5065570804136308,-1.151949359356515,31.20312683380555
-0.3856385201074409,-0.9232273242979236,-0.503302853343652,-0.0765860854132594,-20.92983683645911
-1.2734886269346892,-0.12546832029034088,0.2648717756978497,-1.061038489765602,28.54668306266084
1.0518103019198581,-1.222466151199922,0.49150105885713424,0.9138851484482517,10.005534681880725
0.9761073364175399,-0.13391568200003182,1.1762187356020486,0.5377663108270813,39.18724997418404
1.3588078127209897,-0.9401125657336242,-0.15125093609457846,0.5512712259827087,-28.236788838902118
-0.27361354989578407,-0.626560648633743,-1.1209064576949,-1.3427000777664213,-38.26726589157784
-0.7120796039078748,0.49081205665163036,-0.2468090803194717,-1.3283873875181236,-4.237249965519386
-0.5112184695888514,0.17895991044792597,0.954706436688771,-0.024527693706659012,25.08325487778193
0.21635645428767855,-0.9680103986180052,0.795286001694145,-0.599574264529206,25.47777827026236
1.1646082664646458,0.5759539661737679,-1.2645358236780098,-1.7613194519886222,-35.09064997794998
0.19389579725764045,1.7381660212416346,0.04910870735505724,-0.1956999542533969,2.5388534479256535
1.7178706794968273,0.1687579654625621,-0.9039224422282892,0.745367663150746,-28.509412097925964
-0.7351322024336712,-0.5107995073117547,0.38256611252472233,0.8528108239879312,3.532931838310377
-0.6021975694752817,0.7483895803548538,0.057661532197931485,0.6893769946521358,4.121999607653159
-0.6497291164638753,0.023190314323688614,-1.0507132084231072,-0.2635572880753357,-37.53592716738129
-2.0978826706686022,-0.6209835542456458,1.340160532249366,-0.8019933841571398,33.87208010034823
-0.6273246334363494,-1.4753649228383647,0.513951943121448,-1.8170801183052165,23.540428589186117
0.4527415683682843,0.1929047434035202,-1.1726854851077164,-0.0022926841030638067,-24.81220049218183
-1.2700965714898023,1.3365705767696847,2.242441944576584,1.0248569549071023,78.27997528749117
-0.9817573624912606,-1.1974565185418238,-0.5595006564681198,0.9950563815344836,-23.419459019890898
0.01692449634520709,0.8445184219666518,1.1479958195957318,-0.48917633267796934,46.67932506626074
-2.0350898264632282,-0.3745810535441779,0.0036089186843306724,-0.44559960266699805,-3.262327388269092
0.35951837542848913,0.43609890278133884,0.5426781701483132,-0.14403038461361775,12.899508999573758
0.48403665806532964,0.6716242220333929,-0.06681376213158616,-0.35232063771636857,-22.25571517591036
1.3697487938315291,-1.5312223979544681,0.4912807792569181,3.388880799859697,21.688216755307945
-1.1610458761910967,0.6800519477232194,0.6136191849466898,-0.6970283625048279,24.55393316634009
-0.4777338625680215,0.5756723034861728,-0.7426705816601774,-0.08217059134774704,-23.45111292894548
-0.5563441732867446,-0.13952798874057862,-0.05433069140626777,0.35496254007941547,-12.701851365236612
1.0076406875630843,0.40110530601773864,-1.8662264771256263,-0.165403516006311,-56.72818647467612
-1.5921554239799436,-1.0876954971996815,1.2636888466390468,-1.278421366918403,41.14289979674929
-0.9069253107414889,-0.001383235955650694,-0.5624553436789511,0.6951621500208557,-11.504944361713179
0.6834949494613034,0.4484143504280727,0.416740283888386,-1.625103863693761,-4.574758347565631
-0.7724562143142425,0.6545802305272886,0.9787677113923086,-0.012401649134816362,22.731913711392522
0.5637185793261377,1.2685552259747361,-0.03643975199387366,-0.49665701350691754,6.189039012144937
-1.517394485580536,-1.139834463912598,0.5036502930193107,0.013026902889063227,7.21175287423702
-0.8440837015126553,-0.5930021399023547,-1.1457567399518402,-0.8055277139566304,-44.20271742731526
-0.3257570833611772,0.7955860561986504,-0.057880218582953516,0.5843757653549924,-0.46812138838673545
1.336361899422721,-0.3366195625361321,0.7895555325333088,2.149762301065197,5.292237538818771
0.14293334393974588,1.2333019170390516,-1.1719175944825784,-1.3747639352831764,-33.15358137759981
-0.16904381024202997,0.34748504157005605,-0.0013618902361382465,-1.527574363810718,-0.8479988256684743
-0.5050906898888531,-0.43934361068961764,-1.255007969799557,0.6298729190212942,-31.64709536802596
0.8549841288766992,1.1070850676539723,1.41458666929862,-1.806706247368096,33.64890212788434
-1.7802803678416732,0.17328701846298739,-0.3121979908307836,0.627912751550659,-12.23930483169983
1.3657079875936662,-0.18440841885973966,0.1776786462480298,0.7146140001256821,12.130499985340464
-2.9277715719161153,-0.9056432667657349,0.9140351200336699,-0.9827295226181424,32.04459793318076
-0.217383424429609,-0.47079019544164497,0.06706303998037448,2.370143448639745,-1.6337628349656395
-1.5427182517677458,0.9762846208449477,0.028896070937841745,0.8088942903314302,-5.9949012449270125
-0.15811225426005562,-1.4607596635955784,0.11104869104224414,-0.047558865271811857,-5.642688955648666
-0.36681576867825477,-0.004059031698207171,0.4789293659048886,1.6034944107811784,9.495896204767345
-0.3916245231101732,-0.8921942159673653,-1.1888384777183447,-0.4299748997769217,-30.00622066166431
-0.8466392357700965,0.8642982888267843,0.7841731020913084,0.6465096397732623,18.149661757734844
0.04884477303454223,-0.029180321003719766,0.7002043053647221,0.08252072137716761,22.069778818228933
0.6888008971266681,-1.0445589968229712,-0.6673119822381886,1.1460706972375552,-28.748910577734087
-1.19397015517276,-2.506594320580236,-1.008036475798208,0.2550165235130552,-27.81587839120744
-0.11968204543866957,0.49048948422830513,-0.7459305728442371,1.972603195206587,-4.9374706711276986
-0.07735520365506662,0.882062927216938,-0.47777233275820336,-0.21363380604083987,-10.526527300764682
0.44536308216041853,0.6315224444417001,1.1352300970529614,0.17551918200153713,21.977856712579054
0.4641694556391309,0.5108746303972947,1.1284607434710165,-0.14480117557134098,36.125785570051534
0.5653826471264524,-0.18520081261944066,-0.3432228186225233,-0.051470479001476103,-16.162278607194075
-0.14822112636775742,-0.363586408492493,1.4993215065239678,-1.250948484030083,37.323304618730155
0.7069160530012938,-0.2200150530151225,-0.8539371755017988,-0.048506293152553365,-32.65004095580434
-1.5145760275361646,-0.47717940435164385,1.8140516057132952,1.723147392167485,43.30700457164218
-1.0766671466151725,0.8206718441806091,0.11589065724746621,-0.3204334280108537,10.85425696167826
-2.538474254941675,-0.8988783487209899,0.542556663365539,-0.17907740269717856,14.053963433320675
1.7442249006915167,-0.8954121293498236,0.6078211171838209,0.8224176970593958,14.299034324464305
-0.8202649877294398,0.6113296598512173,0.24966191077763109,0.018941592717998144,0.910665250890677
-1.748587070905023,1.2418152441398274,0.15040298435599372,-0.31631552389229384,-3.1062379491569843
-1.0056360251801388,-0.18533419364920137,-0.4479670481640878,0.9525420502613362,-37.81259309525713
0.43711679464335,0.1472217646213168,1.1190049758854108,-1.406739577709267,40.8416578237108
-0.6988369571354696,-0.5728854805652958,-0.037867375071050965,0.9757391416092166,10.42299837903628
-1.309016291034803,-0.017536352039950423,-0.8082734969318698,-1.1254213940128674,-19.71301706418922
0.17655450384303628,-0.6062150378705125,-2.034951141737197,0.5026068859978398,-77.89726379322333
-0.15185983450341106,0.6019397465214178,0.31237466690095794,0.4420272348891018,14.626536327341011
1.180428783286326,1.3559149711684935,-0.777650481820386,1.2127453213899688,-22.27165875919496
-1.7255388765921262,-0.33103339335375637,0.16574180833180369,-2.048163087718668,7.6119418255648705
-0.7315884915899031,0.09051020106655301,1.05471291212814,1.7182057246780602,22.971200031319928
0.8927990517357132,1.0632009847746617,0.9011308558879845,-1.0328260977716832,20.001025403772815
0.7199281433219553,-0.32408174853805244,-0.20140083082755014,1.2615334879713769,-15.315623435608504
-1.3055773871705962,-0.8230472416345401,0.09240388915143875,0.6171602636909532,-16.23190283926845
0.21016014199611083,3.352582466359305,0.16655554984691945,0.8222812064753906,10.729622341086841
0.3760681780859188,0.97345977983611,-1.9643297969302804,1.0786876584483438,-52.67958357219481
0.5796704036649993,0.6113845927756344,-0.8991075565136842,-0.58871951657379,-25.482393077442307
0.3141831942776184,-1.26213223928079,-1.0579094025566347,-0.4935811465858887,-34.19850012668789
-1.5227152745164163,-1.1683644362252728,-0.1138406939668105,-2.0596490566112444,-18.696476529039014
-1.0473533605848973,0.6200122709133846,0.7756633486785196,-1.0371218814539669,12.44337422039928
1.2070247796868259,0.33207369754830496,1.1246136139905825,0.9164606545954658,34.95150227497709
-0.3649259427363548,-1.755902486125505,1.4063360584522975,-1.0215307949668195,33.86168047985453
-0.12427974429281838,-1.9538673854554736,-0.9630196051000123,0.18261821655017169,-24.19026008505313
0.1778082422704578,-0.5828291955075935,0.3882819127984427,-1.8122537087323833,7.4591992289284965
-0.9244389812004676,-0.8716710220656495,-0.7235004125239455,-0.8012931220994363,-21.92445894655311
-1.3396599680660897,1.3798656655872497,0.5605587102877252,0.6994069024790643,26.371984697906328
-0.9588700493160366,-0.9412023138770527,2.2661915348845727,2.4092710338484222,70.07730709887726
-0.7791270016612905,0.11374874161382016,-0.8581429944927496,-0.7391839564733623,-28.631961101753237
0.8478891224609544,-2.072830106997782,-0.28507292417370006,0.6318894140770277,-4.6381731755662585
1.4248548975831332,0.07238844987597613,1.0327641766658295,-2.0637970519642805,30.766141022077978
0.6384861271882117,0.1742713017458356,1.1239633574603767,0.5126356665643523,-6.534681368975587
-0.29502804561202334,1.3686369447290943,-1.0711808804224514,0.9921044521511488,-35.8342401620783
1.090758288349048,0.9806143242820721,-1.2147468122424472,1.299769324823021,-33.6921089748686
0.058020872721805804,0.027110377387885094,-0.8452072467302859,-0.38410022450368414,-20.864806185337873
-0.33182136340072155,0.1617887254359949,0.6130116295412338,-0.0595453623548937,24.002254865301925
1.6159476756989346,-1.925695577809259,-1.4635278358976815,-0.11914484981469835,-38.00749025459599
0.3168850659007071,0.05767213223939444,0.49783601047208015,-1.4905090079052634,18.298651109533864
-1.105806683134182,1.2391843720233435,-1.1273944746642672,-1.140415724460299,-30.96290891604355
-0.041596651532784606,-0.2569155502166769,-0.6284192546520162,-0.13115549976289334,-30.551990297365332
-0.17972986229584986,-0.6981884635592541,0.8609715416937237,-0.4166764320207102,22.979423917800506
-0.9404061686506028,1.2131321148568264,0.2635645217725426,-0.08397539071297083,10.222396998111197
-0.6605682207335444,-1.3074397936675584,-0.388243267669392,1.1141253245658933,-8.699406530974883
0.19783267683633807,-0.3466707948972348,-0.46234095642045653,-0.6042835644685715,-7.208751684300513
1.2787274058603562,0.2513482230579671,0.8337117960541068,0.5401202297323859,22.667044106958507
0.3618998227515972,-0.18767749170957315,-0.8697381836256214,-1.9917003352595553,-12.106512884099763
-0.49155268265119934,2.0292264996079714,-0.07185883860429114,-1.6484891730637858,-16.95463465820781
1.9022025694527118,0.8032313755885236,-1.1174366175434896,-0.7024632662322404,-40.91825831202361
0.5014939903373438,-0.23158368217749792,1.8733370593174712,2.068746963310586,75.50368337366476
-0.785984519269514,1.0033043769305483,-1.4061482502715477,2.2583378802668275,-25.38994254717295
0.37174359545964886,-0.85418689818288,-0.37547452060411907,1.0877844549607951,-16.669235238390606
-1.7070750181832093,1.3086797093117286,0.49003646822924657,-1.114896210419946,19.654466782880984
-0.2670822415512962,-0.09303080954472549,0.20961437433362287,-0.4858182441589064,-0.2282707901038945
1.416569110453056,0.4277896884319659,0.28904586729243253,-0.18332587524276409,7.395063264723593
-0.09617488985374367,0.44296088372736164,1.1470593017162851,-0.6567503821693347,38.47008215349266
-1.4951540893762447,-1.3343055283279506,-0.1308371213309702,-0.286515822953145,-2.1375418992516177
0.37642850903158825,-0.21362888778484657,0.6520174015124877,-0.7521785634840309,30.284169265979568
2.3888421429697386,-0.025299859519199386,1.7370468979606926,-0.33790582187538737,53.178845102283866
-1.7171021712553047,1.0058647539020331,1.5223679010644418,-2.4503847760582427,49.47999822890079
1.4956937481550663,1.5629731581880333,-0.0031255799186025476,-1.066444799651424,19.0149511675651
-1.1495329696722312,1.2135244628724988,-1.2158749927494057,-0.48174297644160086,-19.742392770682944
-0.9641447365388117,0.043385417480502154,-0.5553978404156125,0.003057773356392826,-13.465173412633053
-0.9154297454411475,0.0005375794930312001,0.9454360019520315,-0.6738664385707654,12.028433138524575
0.0950007856925997,-3.0660809349421787,-0.7012304410413253,0.029301968973620862,-4.181639193119167
-0.29240743697819643,0.8264578345319472,0.3705645056596604,1.2336717796520855,-0.5795975029894844
-0.19686803100121172,-1.3068127117139128,0.25728217748857085,-1.2838713601462393,3.0869520490336155
0.8749506018597164,-0.5311940235997856,-1.5437027792638671,2.517233681297504,-29.743836470326954
0.08932851929449316,-0.5070456776585236,2.8124043142777797,1.0290129419447342,90.84269067614113
-1.2529620764209084,-0.1296046982826637,1.232845580800216,-1.5036632137754864,38.181655209063734
1.5375682689969752,0.22199042921205556,-0.7150626651578712,0.8036836120084037,-11.98063040620975
0.05163992577516727,2.309128896363997,-1.129762693373653,0.118626588787025,-35.3107850477889
0.5910604839310964,0.11767451865788958,-0.14591464922963876,1.501685195374382,-14.801850378030448
-0.9706100117931353,0.1365655687154328,1.8319775421819655,1.1685466759435799,55.529472109900055
1.0682599028052273,-0.4950275350954325,0.4174922295865801,-1.1331950657796395,22.566125015476008
0.2881526076267142,0.2887290477901108,0.32614389742051275,-0.2640688490643369,4.278535927027675
-0.10559779185410367,-1.520744623754017,1.3565980971843854,-0.15916274177969447,32.5581734607174
0.027092263010730276,-0.7057715795285342,-1.024718895558105,-0.4290864096648399,-22.386331153376624
-1.718047679125129,1.5837317657268994,0.34863773445664575,-0.4498236225131284,0.7349747247448786
1.066578746531559,0.9217903348519114,-0.09480927999797077,0.8606536581222185,-14.119302137437108
1.2042706140053083,0.15346510875894415,0.1509141497587776,-0.5233992962916018,10.759708947747335
-0.1595594363213694,-0.019498929415337818,-1.857304870243864,-0.19209396009704627,-41.541426878434
0.9088365202697614,-1.4751739708110267,-0.04689017638280572,0.5571594126376523,14.229158650978999
1.2304356319004432,-0.7898319283912852,-0.697619163071721,0.8357544753924804,8.316200115533931
-0.39763739300032014,-0.15156407316143677,0.19622342440575052,-0.040449446630692956,5.309881689147269
-1.701962625152467,1.363624591365395,0.7785850799279531,0.44171151019558635,25.386530924443537
1.1498243682526332,1.1912245541076432,-0.20493840955314024,-0.05213773950345189,8.434745463031826
-1.1998566294299142,-0.03251993747390439,0.7965941872560329,-1.8346294353733201,12.611825852209906
0.6515141580703189,-0.20837788937448007,0.3152734952773556,-1.066445686506128,-1.2993153801225379
0.09637985062257101,-0.5136145919476414,0.9590321210196739,2.5539291952735095,21.057480326928143
0.24266732645426556,-0.29140330241321744,-0.5303692143362391,-0.5754836487384676,-16.99366808248851
0.3988145083951827,-0.3673850797659048,-0.1404674453869426,0.2802780592723581,2.057511063916766
-0.16886943051863548,-0.5222083408491833,-1.1934943586295257,1.1044294424824306,-11.161988197510162
-0.40548152870105714,-1.563492837350374,-0.7956740749483324,0.7291971785865451,-28.821152960248313
1.0559716450331402,0.478435616401206,0.7667091933178439,1.7417573936389237,33.62412173553078
0.6163813783994097,-0.2098609419101135,0.9807934129894367,-0.728654339961157,38.60169275468695
-0.5568010286284382,-1.611278874170152,-2.779640461380342,0.9454902886017383,-73.12961738144772
0.5194238685365974,-0.37071466463252284,-0.8380372455870637,-0.05420862297715103,-23.07464876232696
-0.2961951322316502,0.3341724667165688,0.44916013683289874,-0.4305073890596917,2.279478018606717
-1.2341164501522635,-0.20517274216675585,1.5710739618039902,-0.8585041694461029,46.493612639951166
-1.8490610646964314,-0.7733691577226341,1.071348529893607,-1.4921239866349905,35.17949688152965
-0.3926336079206536,-0.5479213852776902,1.1328166471278214,0.9748425489938166,25.076377645006485
0.04963866086047452,0.39652499823559484,-1.2462356233592318,0.6264945797643386,-27.07557079205742
-0.5038941446260905,1.9803343995103515,0.9144094659451073,2.0715598642166047,12.387254452594107
0.9741540846466219,-0.08335920456801796,0.4136704213652733,-0.636649227338058,5.572821345060985
-0.8259217384571563,-1.2921035472372109,0.7066847627092211,1.4555878122585317,10.35244833440302
0.3931201739359528,-1.566292440811531,-0.12427589955757035,1.0332761277140952,-5.529859219905434
0.656034624964126,-1.2033979965302852,-0.1430583379584877,0.4767153975265067,-20.650395417967395
-0.5737013310573934,-0.37823916691498466,0.6721158091949263,1.2521657961752928,18.612587826837412
0.6121936844492797,0.5079024246328645,0.9524961937073305,-1.2002644938824538,47.25694942987309
1.4285803536633865,1.1282468309441658,0.05813402107350959,-0.17140976694362411,-10.282257650891559
0.4975919125424281,2.11360393043736,0.8763835511175371,-0.4106663951633266,21.501837712664067
-1.1637008152273078,-0.4556919343624622,0.7370129587780263,-0.5922320563625506,22.39122418538109
1.3388330576669965,-0.9069541525346109,0.4347966556191584,-0.8524319697348894,30.16134954170012
0.7226224433432211,0.5168179172879087,-0.37218456631004854,0.0610804603561318,0.1678502107932225
-2.2239252863772445,-0.7032830146663982,1.9644961623932373,-0.2309600538819948,72.90828117763289
-1.149932008355932,-0.9411220972089472,-0.20777491110520302,0.31087986435395537,-13.071506737624738
0.04773333746792706,-1.2579379195107876,-0.4311188889589997,-0.3070862996400699,10.162078663216546
-1.2296058574402584,1.4477232693523105,-0.4710173420542686,1.0364742716527706,-9.382001596788657
-0.5507425482765202,-1.58121754559867,0.21897951510329797,0.8055778457727201,-2.3704672903826296
0.8933449934312389,1.648518810893051,-0.659177688015975,0.6670825063050498,-20.949378068946544
0.7498643079913044,1.7364587977182468,0.36116185304284487,-1.914934556334385,1.2535672653264207
1.481870267579633,0.2328394699957512,0.6181799634394219,-0.3511004076511655,26.23623154491699
0.6380218090192854,0.7279474399898618,0.47746457959157496,0.2805403063159496,11.185517165682112
0.49186287078852325,0.4410777610790436,0.05649781172758312,0.037963248568279005,-1.4601220621283355
1.0479085545364442,-0.2483721861012092,-1.9942281173915328,0.8321261130407146,-32.86251666263073
-0.06038990451484922,1.9141304843941014,-0.4147243528397809,-0.42603123528815856,-15.68452065216959
-1.52611478522382,-0.31108820095447787,-0.3919182536773099,-0.9121948843326628,-12.001199110923057
-0.5907734152741525,-0.42778523953778236,-0.18249502719990368,0.6390634926953428,7.873389719581905
-1.4517353419233934,0.10859146437883391,-0.48882590915992585,-0.6698657956044018,-9.59180117925036
-0.0252082486356534,-0.9522102198625124,0.38890363985512155,0.006130511602057688,25.75959154370527
-2.1088638771978876,1.4281953756619674,-0.695842804580478,0.739927987313412,-30.565860654796587
-0.3020218108129564,0.5214318769759968,-1.1370385331853412,-0.1705644606032042,-15.353638181048272
-1.3628992231913264,-0.44404046123123225,0.1915359336981687,0.05178466049940026,-4.045763108135718
0.6167983995017574,-0.6000440704751879,-3.0490596161383006,-0.7329967338887954,-95.9708743359589
-1.4299033991451684,0.6776669763030356,0.9787422810364482,1.2089234355050407,21.591222802469858
1.5568938881038754,0.5743755655847086,1.3521674595544142,-0.1113517114098719,46.93030599482584
0.5591816380150934,0.4916053285878137,1.306508159346657,0.8277776386389966,25.186003956651994
-0.5159417078415921,-0.37021788175928977,-1.380809480579943,-0.09812356226569918,-40.41799162228398
-0.07276806189413353,0.18296948338672786,0.12893645249695654,0.4717133786728672,-3.599366286813646
-1.2243130252761094,0.6335931816689224,1.2387094978184816,-0.3167133399862681,31.492836739534077
-0.4673018170343925,-0.3394166737932093,0.9372317907412334,-0.6135790160970688,23.43958728183993
1.6100969084684136,-0.8392590249968288,0.4596231346178819,-1.426128063778825,14.460440646318682
0.04315260378497972,1.2910232185973793,-1.1721691642006298,1.3976768674153952,-37.19013573711743
0.01131105866391994,1.9720917679122576,-0.6432305275373507,1.1146150541461297,-31.1927397951925
1.0417490280595108,-1.705282952605002,0.1564517201021298,0.056219484938110444,-8.59279371541625
-1.8896665115165083,-0.3361532428799603,-0.04024892481075196,1.7147153331301719,-6.086167555804759
-1.9217734612872857,-0.3056119879184144,-0.42780180447468547,-0.47876694289153565,-5.712132135842991
-0.20167468067594713,0.39531888451650765,0.5510631445590773,2.4481156810364415,4.06609908997561
0.28036916930635003,-0.9389641698636798,-0.41247579789301153,-1.6265507259448435,-14.1779640608862
0.3593313671222132,0.7205414809290503,-2.519369263688042,0.9102250451742173,-70.09005201144181
-2.1556963245006306,0.6374085640898379,-1.004550197457127,-0.2605541076317013,-28.980982867182103
1.8292243386969198,0.11040380071508434,0.8348857555517685,-0.4231892952995662,22.79284790488378
1.54304063074816,0.6301786352425143,-0.4497225849631524,-0.04590720111699202,-8.64379029690431
0.8069886543026273,-0.019697824227850554,-0.756672997990629,-1.0119042520868777,-29.642968432658066
-1.570431323335189,-0.20589307304071375,-0.24097984822740642,-1.2079899446326723,-29.1734759295193
-0.7815235019254663,-0.5219483710556845,0.158395458849752,0.7017797585188249,-5.729238503488005
-0.6652699508962978,-0.3470437492296023,1.704356754577232,0.39868891283038665,41.83615142504151
-0.9644870984544794,-0.537794721920631,-1.7032950185082996,0.6585356514986332,-53.17300951052913
0.22434424288951235,-0.011333154631835292,-0.021192630957589425,1.4293178466805068,4.259886658184281
1.3974025289009555,-0.41956364517973077,-0.5425794077391773,1.6020162007633805,4.62853939714511
0.8952771671558613,-2.431774007561994,-0.9099092674423309,-0.5830190030325562,-8.984135689800855
-0.48377045452731693,0.03366934421318239,-0.3613887970874692,-1.2680519297438373,13.602975296373565
1.2762670066681312,-0.2910761308620247,-1.904805750005979,0.631494026673347,-38.77578415414304
-0.4111489202516308,-0.5055980237995322,1.6071712715074704,1.8905972105444218,21.586299000272945
0.6344221409790693,0.1417856682755634,0.13065384591878648,-0.5178393737594611,1.021656944661252
1.4779106136271567,1.2875343760034836,0.1552371047326438,-0.5836583147743656,-11.834942245606179
0.608042193152363,-0.22877502234416056,0.4444740823671845,1.54587998527864,4.972062778904438
0.7034010593072048,1.3205792999059618,0.1349107491695282,-1.689464364458059,-0.9993635359008306
-0.20461976308801325,0.08370400652770507,1.3342047952133185,-0.6005140365909485,40.89900076572718
-0.1473591654169804,0.6428949670801688,-1.0243863944955633,-0.7179861994123721,-32.98021133293779
-0.4748685287261948,0.11892245754636514,-1.7624897675202933,-1.6804264215029179,-51.20169406122711
1.3928816732040448,0.8250981031957703,0.22663182691283468,0.6301007104044614,1.6231582877045065
0.14021816283655789,-0.6320989525560692,-0.2558644704381253,0.7827786115098847,-3.898568645491755
-0.06522051126438065,0.257259463462248,-1.326809177334226,0.28907099912480855,-38.93637524453111
-0.3664016951189707,-1.0996511913514888,0.2928997740029611,1.566248670970451,3.4801621808175662
1.0319308739503106,-0.4653036303477734,-0.9581229422366139,0.5845109488834005,-7.632289270953738
-1.3725598435053965,-0.6404925376807962,0.9118544643921139,0.5338713983539672,31.22780369222194
-0.7115602099787588,-0.09962697300742754,-1.050947883141939,0.5193563491993776,-31.913944108419834
-2.474135859627024,0.697776873014352,-0.1274824133107578,-0.8748689338201289,1.4808677997583555
0.0482744109750698,-1.1862409795734676,0.7130148155447917,1.6258578465899678,16.27675433007216
-0.21952467173016896,-2.478377548763535,-1.1833320616923464,-1.7323208454676988,-46.62217516303139
1.2470907402623421,1.1567480240827204,-0.07132364361541864,-0.3036738719947502,4.154500027309479
0.7526221006946822,0.06625209438563653,-0.5668874693233077,0.9476738217254399,-21.476468697267066
1.9885723903876311,-0.0774455319446748,0.11467770439947082,0.1469556321217396,-0.24450303903406878
1.114108677362611,-1.3520889155937355,-0.8240505191897942,0.2337198946964688,-9.866567357499392
0.2603390476469375,-0.827648291834441,0.028916688294678083,0.2800571910067234,13.328142230135148
-0.6988237398052711,1.5279228474266378,0.30436726460293395,1.7076174230667807,-6.741394881000005
-0.03720342577591233,-0.27257512606984735,1.1899843805204016,0.8102571974902607,30.405103342464535
1.6219539426899565,-0.800127487631756,1.0164733208632215,1.6760545877912139,41.251390844014566
-0.7782252982647812,-0.32364826823166637,-0.27008487141789744,-0.3284993809485342,-14.684222360464393
-0.685349366224865,0.7332697066646768,1.5699048274760024,-0.11448949263243671,62.520666911156404
0.8971409880137572,0.9803500786078259,1.794490493913527,0.5482510885429946,41.583103991048944
-0.6673419949700304,0.4318029244128687,-0.8286955528370694,1.810422732578718,-29.93101753399329
-0.014064728016214344,-0.8395043609863609,-0.375226155608802,-1.2393546169745842,-14.845444099540305
0.8674245370472667,-0.2385877985898282,0.6930501647691556,0.16604476595526232,7.347301471576424
-0.9896244354843732,0.6209825947199951,0.2949997172450977,-0.6375599136788791,15.71546200361389
0.6549458033862854,1.059592918247784,1.9033774843298987,-0.9471596052021012,49.257922999538394
-1.1161031719872248,-0.08043954193707449,-2.04025606215984,-0.5886670025626258,-53.072327118839475
0.4260580509337678,0.9537054624352289,-0.3605047938935843,0.4737846066601541,2.784668802215297
0.8532724112465554,-0.7844199456425791,0.48092628927059666,-0.5954531563787819,27.11699537485601
0.8663498832936025,-1.6228612002221072,-0.3591120122067731,-1.4205560667683186,-12.88687635219607
-0.8737969267749042,-0.3408179362440526,1.423380542517202,1.205471822258756,45.584959707542716
0.704961507928427,-0.8207280189751724,-0.6474699693080115,-1.6824008602196434,-13.14129735200662
-0.06950637329953233,0.5485866018165997,-2.533665227374519,-2.2483925656118258,-63.49409352849904
0.41759466821637076,-0.8611642175298667,-0.18166193551908327,1.4080410048574348,-2.4529215529371076
2.1666109000775915,-0.6000130620782986,1.341294932868431,0.3416211331740155,38.57426582680839
-0.9750724379149402,0.8623558322541476,0.8354095047110492,0.217721656160363,26.945228868894333
-0.2628801609752622,-0.0829599880300552,-0.8991514082727616,-0.3251734603649653,-31.016436881596196
-2.2291972895380114,2.0449129959245536,-1.1346236435547292,-1.9927071471427018,-17.069208222544987
1.2453281869194521,-0.028724508791656538,-0.11853638659637132,0.45784207059481286,-15.284752891422645
0.5659916318250933,0.09574008436796815,-0.8085645182736686,-0.4306397927977118,-30.64395711246583
0.9105155840295774,0.27302834729617775,-0.38728831806779423,-0.10746108265977485,-16.878670246197224
-0.6654125269592307,1.7827895202306947,-0.1369785462137614,1.5202102671105056,-4.617077590803025
1.020463552426752,0.47477145342669913,0.14987350324265059,0.8259923333739176,6.245183871320252
0.25899024321283537,0.8534995495666987,1.5721421831830416,0.7477132076495243,45.27635527134782
-0.4183632424822561,-0.2558793374292269,1.7011286756335737,-0.7506534696381897,63.30891334007804
0.23472150172570413,0.6956232394187498,-0.8379751935407314,-1.962189975525732,-19.35895690379668
2.086516271724612,0.4970882089147285,-0.9394310221905928,1.634489231912064,-30.88786289175518
-0.15485336953770096,-1.2489031368827452,-1.8037288435746717,0.5854278895291836,-49.39742179901832
0.4278604827589103,-1.437268842429881,-1.4237740431113828,2.409541996707007,-45.60450082189911
0.2723116613946663,-0.2668861941989181,-1.2499004288640174,0.20066455063623806,-35.43327339808142
1.3921651605278769,-0.036766909867743856,1.895984892241386,0.6842085013351102,49.39659858719089
1.120068599174153,1.3767196349210098,0.09041543311091903,0.487392172907419,0.4936398608997723
0.473579360153517,4.216377387524325,0.8867130988010206,0.2734319615998967,24.91965437697368
1.143305783300927,-1.5213003320507519,1.4046806416297646,0.33833213394006356,40.74131078675125
1.2188411917709554,-2.4119945419696602,0.7005659488142099,1.1073702637333465,39.68154801083715
-0.5086954550143723,2.319308323852129,-1.1397763650643942,-0.3551377074993001,-10.470997279453591
-1.8554491364364436,0.0009891887646587376,-0.4282634166159908,-1.988603968328445,-19.773112435474665
1.9999086901398975,1.9969514327568276,0.144359384935956,-0.3514536724969039,-11.463081189422791
2.022506065485645,1.7821124547312157,1.7270489032449103,-1.2443716347087694,60.69685883149246
-0.3526137971079655,1.6433153429707286,0.7512103866909041,-0.29172159238047796,4.253042772477283
2.0247442608882293,1.244891883905085,1.1330358867493102,-0.9321247285448823,26.306869456965448
-0.6443977693685314,-0.48225100194458775,0.18139059998715673,1.356733338604846,15.354796384220524
0.020207358222395964,-1.010889660760764,-1.5501881439321383,2.0978206554791883,-49.98425635440607
-1.4663073386596845,-1.243868418922932,-2.0065403890662576,1.823219870103942,-53.18573137841907
-0.2560511264098383,2.2868784585376543,-1.8993289617063198,-1.1106867186949148,-33.163894953612704
1.4391290626740039,1.1673881256382528,0.3567438801770533,0.8602394226065845,0.49525751054487444
-0.7603372166644595,0.834803587214089,0.41558961658307453,0.5096616540185522,16.94582399420084
0.7298316721467578,-0.0943151488944541,-0.574161784039856,-0.06248707689983377,-16.38007591825278
0.6746939459018619,-0.3093053595565579,0.6499033871311404,0.6998914430012467,14.755342664196137
-0.7067131647553958,1.0715735472729193,1.0745322100913932,0.5030740858180432,11.159120033521532
-0.41872556146710654,0.851157295479435,0.4499865940157627,-1.2591437326138568,13.000953084471908
0.9379714991357476,-2.6448806940071843,-1.177059935256075,-0.6028610367578935,-19.595231680914782
-0.8984091910570666,0.9324273348663065,-0.46383162784236626,-0.4986474022786276,-3.4309191258463514
-0.4382741257161631,-1.0172937385092427,-1.351433379248857,-0.1545669173451557,-39.183789949939154
-0.012981668021453714,0.7802494894108375,1.9268477964314965,0.8024527024225743,50.52561219956487
-0.3666893432132384,0.9458430512624056,-1.7139032389441198,-0.5043985507248366,-40.40671359110297
0.7405887580963931,0.28943043063806234,1.4341991629685757,-1.2481431683396877,43.13067412272423
0.23653721285610485,-1.3407606722933867,-1.7285450352213376,1.2663121215232869,-29.83480976069452
-1.495587595156005,1.8862773615919048,1.6260568644466504,-0.7080222647227593,40.896404122194475
-0.6664160559458773,1.989522561512782,1.2010179808957966,-0.7289170195358461,38.44432846795824
0.19651643669803112,-1.508020817172399,0.41667660999474215,-0.16617844346862032,22.749079541680434
0.008502274473925217,-0.7643251089486833,0.8617351642998369,1.617226385445251,27.843497327711596
-0.5693714232978341,0.5846215488891547,-0.048335688576118564,-0.10019559879038357,1.2294952093735703
-0.9122412633385306,-1.5264929670993987,-1.7012240677273656,0.25094289456124397,-47.82170955037752
-0.32889553312244457,0.6168252697388964,-0.01709843003647489,-0.10086648168369525,-15.090984412896436
0.3809965479234307,0.28439141702632104,1.0295926998872038,0.6329963370450182,33.98084837166072
-0.684925613421454,1.0287906230637525,0.04707122271638354,-0.320427417271942,6.043337178852892
0.408834272006326,-1.7045345720581786,-0.9937213554174187,-0.19518405544071873,-24.85529447255617
-0.5657174217195268,1.2272392176591365,0.1983509594595076,-0.18887074345474666,2.450791377467847
1.1199782374434428,0.5749535679210184,-0.23438859781360483,-0.5172851317001176,-13.147215288680925
-1.1567746736683824,-1.8593728801214062,1.8042937346184897,-0.35743494102863294,38.56174994698037
-0.6116825304689958,-0.38723242751300097,-0.018258001199085987,0.07508992684545963,2.284013261508268
-0.08765082073739992,-0.8244225457410016,-2.250999451704728,-1.3242231474774127,-43.25380925356235
2.4595976390779444,-1.6710485263256087,0.6595746907207094,0.6154678638242114,18.113211748798825
-2.506970018175028,-2.0265229713557824,-1.8822865952485353,-0.2777921180940684,-56.96294727966075
0.7221935597925854,0.6060662526359285,0.06180469004415184,0.7614305743004729,4.156832968648496
-0.4541832979528712,-0.31706455134280376,0.3060189162468081,0.7945682449381095,-8.082687308545758
-0.3703692680501654,-2.447704585354106,-1.3747467136588571,0.4195985870270205,-33.76584416317343
0.04359706176782934,1.2274618950752492,1.405548395190638,-1.022054749015726,30.87346166382067
1.2412140843216206,1.0019999182542614,-0.7311738942573448,-0.6646300121005666,-11.022438187062063
0.1594933658680499,-2.244601445394232,-0.2356162321483127,1.8009555785536362,4.492690736177663
2.25926367484161,1.1053079006036775,-0.4251640469604751,-1.80644365844127,-10.624869876828049
-1.3380378738876744,-1.5689466242671093,0.9474574450793208,-1.3295470681654753,32.28333089513879
0.3043223531163805,1.432870676847779,0.025613600039367804,-0.0017216735686486977,12.82658200624947
-0.8866099262058438,0.9170767291846443,-0.09102898247422667,-0.30658729117074307,-6.127458245340801
-0.4620743679649862,0.8312558238914319,0.27875324561624026,-0.2513607959652338,20.278491237301427
0.4135139688111224,0.09429325519834371,0.7824650108830662,0.19570898711013643,44.97827763462796
1.2378569299879165,1.5490661431038237,0.47308588483201985,-0.35177856654682194,7.967002551688712
-0.6932366700485065,0.21423390547675433,0.31870836435497063,2.1215418462960702,3.7302957432640627
0.06786302698972552,1.2141518652319294,-0.01573786545961412,-0.8378079119196963,6.454530539476936
-1.3184065402683915,-0.36773673991684047,1.552392105928076,0.06145188113278807,63.09642903749253
-0.22716398985261707,0.4894588864249578,-0.8787310021293355,2.5328125448987837,-20.22805330818258
-0.8537181881893,0.20401988961377424,1.526177675377956,0.255345379444651,35.71065645566664
-0.543844753091297,-1.2360443439031554,-1.5282805653703402,1.2079601577350791,-43.21280490614996
1.6314043469693782,0.9793268583159381,-1.9793637784909002,-0.020591843897785896,-75.61585423956234
0.27825834953265305,1.073201594581873,0.8888645015048745,0.5851583752733133,21.775198404024223
0.32033138977515957,1.2396302974044886,-1.4489629407901807,-0.7470235653508981,-30.67180075530487
-0.45655897483011476,-0.2528170105032716,2.251576301357391,-1.3810612175076515,51.292429316238504
1.3825348554362362,-0.5705829723541148,0.40099116981314753,0.314833595649306,10.972786222950926
0.01607867668120736,1.3013683743260602,0.3585379181121167,0.6748790928385896,10.042565654735823
-1.7811288072581504,-1.7948101976891135,-0.6087490463197482,0.1709433338806188,-0.9126139454188085
1.1267058580291198,0.4018426147792804,-0.38719255084721377,-0.7568137024734466,-17.038937016617734
-0.3260288773054287,1.2987898554865105,0.6068214449855563,-0.3203827834458835,6.2835829893633335
0.6543571982197276,-0.8645637769827388,-0.5098285435767015,1.1547204286330146,-23.29687279656176
-0.2492873326125788,0.20204641139079774,-0.22250996191387493,-1.3948465948609308,-16.478244884078443
1.39028226898723,-0.4866016755523443,0.808602759646646,-0.45856351472303586,19.078155234469953
0.3615072514162143,0.63779444216763,0.7492504917115168,-1.3758406523806064,5.075119384516061
-0.6622580838472932,-0.7804897685709337,0.11434651565952099,-0.1746419406659087,8.339941979195071
0.783791168841526,-0.4895915773138198,-0.6871944772599647,-2.213483358382806,-9.632263360530445
0.8926777512259841,0.5018634510420835,0.6439985367852287,-0.9890129688435279,11.447541852894195
-0.5908400424377972,-1.6706264671461726,-0.6946257156075046,0.5490329464354772,-5.586363524873024
0.684997142603912,1.291748237532371,-0.006482266149851257,0.002804340839332221,2.35741506149617
-0.14591330837119693,-0.6200136627957953,1.646023629511222,0.4407889918884202,60.251063166968514
-1.1292885419319616,0.26270737874659233,1.6747088385629423,-1.0808846130120542,40.357779331378055
-0.04567630964081867,0.7403443126590363,-0.05334172645072582,-0.1913251764218271,4.129583617853989
-0.33726194838974605,0.30436300273659617,-0.1306108880031702,2.1852821937242193,-7.431617707127961
1.1166791996242609,1.6566263320076298,-1.5770294877637203,0.6918273085301919,-38.637233958517534
-0.7652097357086789,-0.7248776999537804,0.6626629069380773,-0.7643848518552394,22.84441114331547
-0.9797051625065032,-0.23118968193789316,0.5786140347777345,-1.695707032944556,2.596450004349901
-1.5517596689138136,-1.289147403801951,0.9127288923394873,-0.8537775602855873,47.83465678478201
-0.7475292331407764,-2.0317170910918163,1.609589350948087,-0.29990876345653383,27.929241006962243
0.1636400076701766,-1.002581727978998,1.0700754409016315,-0.087422794492635,31.604118763337816
0.45384067117631555,0.9631718521023226,-0.30112974864164965,1.2391448075825593,9.861407876315956
-1.1327725946701805,0.6134335260314293,0.4454434985484341,0.3544527666843126,19.835278899780178
-0.1228132435608053,0.02142952510317796,1.1143976982608323,0.7388654532856611,38.296427687570365
-0.7321111826715602,-1.4292619579040575,1.1673569995448947,0.4443276092429522,37.262604852891904
-0.13920464857354384,0.6663073611243775,-0.15305634526459325,1.2655203082407978,6.589229536407349
1.1044703773530273,0.06947142754580575,1.3118047325179683,2.6024499927397904,30.837998702833296
-1.1505248402154575,-0.5761551540590165,-0.11599239430635565,-0.010626781385211713,-14.204486440686138
1.6545839738017345,-0.7842470010358316,-0.08604088154136683,0.02380347017348086,0.5031399398966756
0.26312525934126263,0.1331708845802339,0.29565464897257226,1.5408976232017453,-2.5660106633477238
-0.7177635119379164,0.5641394562384122,0.207312809380574,-0.07471650589156933,-8.353563326189972
0.12672802555276183,0.7290851117128688,1.0186165226302073,0.20970154965649546,31.987269477469376
-0.07624021424485253,-1.005461306235129,-0.8047316244303259,1.3222482943137606,-26.7762505377163
-0.5845047712896229,0.7196415329748566,-0.2882259360841179,-2.6229672407084417,1.1037496655676229
2.1973489098719954,0.3720981624439428,-0.691939266933501,-1.1840043251581744,-17.45968825255685
0.34953494625376114,0.8335503178189636,-0.46510360040610876,-0.368580089328747,-19.634113213494604
0.6431028347569652,-0.9185630627181555,-0.9246138071243533,-1.597961297227643,-26.39166006465296
0.5917213088203648,-0.990949889506738,-0.31531708891427845,0.6636883552003049,-22.351507140028414
0.3106646407674782,-0.5544642282822827,-0.27447649389425494,-0.5081091733205156,-19.7252816779793
-0.6521949958672851,1.5069887179658168,0.2438605634681193,-0.89928308979599,4.805447102049386
0.0857689570363605,0.1563386958853301,1.9563496121867165,0.9488645457321984,62.64434594818676
0.06555045778062113,0.4304381640139499,0.3667596683442323,1.4569065086997461,7.8345074685395915
-0.3405699272426478,0.07294574863887467,0.6104535892878242,0.34741089504792994,23.453467490345613
-0.4154606539556973,-0.4836799397205612,0.07639310722874113,-0.5310794207448335,12.321409497903502
0.008448925589111386,-0.6662606918848497,1.7378159951400234,-0.8412315963175755,38.60085135028955
-0.18849016362747073,-0.07174441219321516,-1.0880116071129828,-1.3197246911284861,-10.895292813519664
-0.3801227008234316,1.8735738281314054,-0.8065352146197827,0.05049608923134837,-31.61807928577487
-1.8676145715749386,-0.04212330227587874,-0.8144143326953742,-0.9860053107402879,-36.58784865888547
-0.4374851234397128,-1.0297534108479238,0.8130248272732982,-0.7608298105459499,18.52202030221965
-0.5720954308072331,-0.7019750109437242,-0.09457797339585924,0.6759596434324865,-11.25331900334404
-0.9693934123848125,-0.27799354828885975,-0.8108214979829348,-1.5181816446971623,-15.607389577883147
-0.1379765061391252,-1.1189292406305884,0.24714834861715226,1.7413412718459271,6.453952688607924
-0.5095126366142588,-0.21019659393233775,-0.26939023926637734,-0.45296589669317133,-0.9793320736145139
0.5029310023260303,1.4042078854647182,1.3744625076870924,-1.748470350210647,41.720959745859005
-0.206975594613466,0.835009941086545,-0.09144098999529456,-1.3231198968023223,-2.9077664484280206
0.5725130177013865,-0.24247324203822548,-0.5042021792566495,-1.428273817564659,-11.804560433303994
-1.134485239245515,-0.24799460620211283,1.960712735707118,-0.14332483221611497,23.20608234510562
0.7131398845926931,0.21402473084464582,2.4738943786726564,1.4689261204970396,81.57567630957101

